201820111010
201820111011
201820111020
201820111021
201820111030
201820111031
201820111040
201820111041
201820111050
201820111051
201820111060
201820111061
201820111070
201820111071
201820111080
201820111081
201820111090
201820111091
201820111100
201820111101
201820111110
201820111111
201820111120
201820111121
201820111130
201820111131
201820111140
201820111141
201820111150
201820111151
201820111160
201820111161
201820111170
201820111171
201820111180
201820111181
201820111190
201820111191
201820111200
201820111201
201820111210
201820111211
201820111220
201820111221
201820111230
201820111231
201820111240
201820111241
201820111250
201820111251
201820111260
201820111261
201820111270
201820111271
201820111280
201820111281
201820111290
201820111291
201820111300
201820111301
201820112010
201820112011
201820112020
201820112021
201820112030
201820112031
201820112040
201820112041
201820112050
201820112051
201820112060
201820112061
201820112070
201820112071
201820112080
201820112081
201820112090
201820112091
201820112100
201820112101
201820112110
201820112111
201820112120
201820112121
201820112130
201820112131
201820112140
201820112141
201820112150
201820112151
201820112160
201820112161
201820112170
201820112171
201820112180
201820112181
201820112190
201820112191
201820112200
201820112201
201820112210
201820112211
201820112220
201820112221
201820112230
201820112231
201820112240
201820112241
201820112250
201820112251
201820112260
201820112261
201820112270
201820112271
201820112280
201820112281
201820112290
201820112291
201820112300
201820112301
201820121010
201820121011
201820121020
201820121021
201820121030
201820121031
201820121040
201820121041
201820121050
201820121051
201820121060
201820121061
201820121070
201820121071
201820121080
201820121081
201820121090
201820121091
201820121100
201820121101
201820121110
201820121111
201820121120
201820121121
201820121130
201820121131
201820121140
201820121141
201820121150
201820121151
201820121160
201820121161
201820121170
201820121171
201820121180
201820121181
201820121190
201820121191
201820121200
201820121201
201820121210
201820121211
201820121220
201820121221
201820121230
201820121231
201820121240
201820121241
201820121250
201820121251
201820121260
201820121261
201820121270
201820121271
201820121280
201820121281
201820121290
201820121291
201820121300
201820121301
201820122010
201820122011
201820122020
201820122021
201820122030
201820122031
201820122040
201820122041
201820122050
201820122051
201820122060
201820122061
201820122070
201820122071
201820122080
201820122081
201820122090
201820122091
201820122100
201820122101
201820122110
201820122111
201820122120
201820122121
201820122130
201820122131
201820122140
201820122141
201820122150
201820122151
201820122160
201820122161
201820122170
201820122171
201820122180
201820122181
201820122190
201820122191
201820122200
201820122201
201820122210
201820122211
201820122220
201820122221
201820122230
201820122231
201820122240
201820122241
201820122250
201820122251
201820122260
201820122261
201820122270
201820122271
201820122280
201820122281
201820122290
201820122291
201820122300
201820122301
201820131010
201820131011
201820131020
201820131021
201820131030
201820131031
201820131040
201820131041
201820131050
201820131051
201820131060
201820131061
201820131070
201820131071
201820131080
201820131081
201820131090
201820131091
201820131100
201820131101
201820131110
201820131111
201820131120
201820131121
201820131130
201820131131
201820131140
201820131141
201820131150
201820131151
201820131160
201820131161
201820131170
201820131171
201820131180
201820131181
201820131190
201820131191
201820131200
201820131201
201820131210
201820131211
201820131220
201820131221
201820131230
201820131231
201820131240
201820131241
201820131250
201820131251
201820131260
201820131261
201820131270
201820131271
201820131280
201820131281
201820131290
201820131291
201820131300
201820131301
201820132010
201820132011
201820132020
201820132021
201820132030
201820132031
201820132040
201820132041
201820132050
201820132051
201820132060
201820132061
201820132070
201820132071
201820132080
201820132081
201820132090
201820132091
201820132100
201820132101
201820132110
201820132111
201820132120
201820132121
201820132130
201820132131
201820132140
201820132141
201820132150
201820132151
201820132160
201820132161
201820132170
201820132171
201820132180
201820132181
201820132190
201820132191
201820132200
201820132201
201820132210
201820132211
201820132220
201820132221
201820132230
201820132231
201820132240
201820132241
201820132250
201820132251
201820132260
201820132261
201820132270
201820132271
201820132280
201820132281
201820132290
201820132291
201820132300
201820132301
201820141010
201820141011
201820141020
201820141021
201820141030
201820141031
201820141040
201820141041
201820141050
201820141051
201820141060
201820141061
201820141070
201820141071
201820141080
201820141081
201820141090
201820141091
201820141100
201820141101
201820141110
201820141111
201820141120
201820141121
201820141130
201820141131
201820141140
201820141141
201820141150
201820141151
201820141160
201820141161
201820141170
201820141171
201820141180
201820141181
201820141190
201820141191
201820141200
201820141201
201820141210
201820141211
201820141220
201820141221
201820141230
201820141231
201820141240
201820141241
201820141250
201820141251
201820141260
201820141261
201820141270
201820141271
201820141280
201820141281
201820141290
201820141291
201820141300
201820141301
201820142010
201820142011
201820142020
201820142021
201820142030
201820142031
201820142040
201820142041
201820142050
201820142051
201820142060
201820142061
201820142070
201820142071
201820142080
201820142081
201820142090
201820142091
201820142100
201820142101
201820142110
201820142111
201820142120
201820142121
201820142130
201820142131
201820142140
201820142141
201820142150
201820142151
201820142160
201820142161
201820142170
201820142171
201820142180
201820142181
201820142190
201820142191
201820142200
201820142201
201820142210
201820142211
201820142220
201820142221
201820142230
201820142231
201820142240
201820142241
201820142250
201820142251
201820142260
201820142261
201820142270
201820142271
201820142280
201820142281
201820142290
201820142291
201820142300
201820142301
201820211010
201820211011
201820211020
201820211021
201820211030
201820211031
201820211040
201820211041
201820211050
201820211051
201820211060
201820211061
201820211070
201820211071
201820211080
201820211081
201820211090
201820211091
201820211100
201820211101
201820211110
201820211111
201820211120
201820211121
201820211130
201820211131
201820211140
201820211141
201820211150
201820211151
201820211160
201820211161
201820211170
201820211171
201820211180
201820211181
201820211190
201820211191
201820211200
201820211201
201820211210
201820211211
201820211220
201820211221
201820211230
201820211231
201820211240
201820211241
201820211250
201820211251
201820211260
201820211261
201820211270
201820211271
201820211280
201820211281
201820211290
201820211291
201820211300
201820211301
201820212010
201820212011
201820212020
201820212021
201820212030
201820212031
201820212040
201820212041
201820212050
201820212051
201820212060
201820212061
201820212070
201820212071
201820212080
201820212081
201820212090
201820212091
201820212100
201820212101
201820212110
201820212111
201820212120
201820212121
201820212130
201820212131
201820212140
201820212141
201820212150
201820212151
201820212160
201820212161
201820212170
201820212171
201820212180
201820212181
201820212190
201820212191
201820212200
201820212201
201820212210
201820212211
201820212220
201820212221
201820212230
201820212231
201820212240
201820212241
201820212250
201820212251
201820212260
201820212261
201820212270
201820212271
201820212280
201820212281
201820212290
201820212291
201820212300
201820212301
201820221010
201820221011
201820221020
201820221021
201820221030
201820221031
201820221040
201820221041
201820221050
201820221051
201820221060
201820221061
201820221070
201820221071
201820221080
201820221081
201820221090
201820221091
201820221100
201820221101
201820221110
201820221111
201820221120
201820221121
201820221130
201820221131
201820221140
201820221141
201820221150
201820221151
201820221160
201820221161
201820221170
201820221171
201820221180
201820221181
201820221190
201820221191
201820221200
201820221201
201820221210
201820221211
201820221220
201820221221
201820221230
201820221231
201820221240
201820221241
201820221250
201820221251
201820221260
201820221261
201820221270
201820221271
201820221280
201820221281
201820221290
201820221291
201820221300
201820221301
201820222010
201820222011
201820222020
201820222021
201820222030
201820222031
201820222040
201820222041
201820222050
201820222051
201820222060
201820222061
201820222070
201820222071
201820222080
201820222081
201820222090
201820222091
201820222100
201820222101
201820222110
201820222111
201820222120
201820222121
201820222130
201820222131
201820222140
201820222141
201820222150
201820222151
201820222160
201820222161
201820222170
201820222171
201820222180
201820222181
201820222190
201820222191
201820222200
201820222201
201820222210
201820222211
201820222220
201820222221
201820222230
201820222231
201820222240
201820222241
201820222250
201820222251
201820222260
201820222261
201820222270
201820222271
201820222280
201820222281
201820222290
201820222291
201820222300
201820222301
201820311010
201820311011
201820311020
201820311021
201820311030
201820311031
201820311040
201820311041
201820311050
201820311051
201820311060
201820311061
201820311070
201820311071
201820311080
201820311081
201820311090
201820311091
201820311100
201820311101
201820311110
201820311111
201820311120
201820311121
201820311130
201820311131
201820311140
201820311141
201820311150
201820311151
201820311160
201820311161
201820311170
201820311171
201820311180
201820311181
201820311190
201820311191
201820311200
201820311201
201820311210
201820311211
201820311220
201820311221
201820311230
201820311231
201820311240
201820311241
201820311250
201820311251
201820311260
201820311261
201820311270
201820311271
201820311280
201820311281
201820311290
201820311291
201820311300
201820311301
201820312010
201820312011
201820312020
201820312021
201820312030
201820312031
201820312040
201820312041
201820312050
201820312051
201820312060
201820312061
201820312070
201820312071
201820312080
201820312081
201820312090
201820312091
201820312100
201820312101
201820312110
201820312111
201820312120
201820312121
201820312130
201820312131
201820312140
201820312141
201820312150
201820312151
201820312160
201820312161
201820312170
201820312171
201820312180
201820312181
201820312190
201820312191
201820312200
201820312201
201820312210
201820312211
201820312220
201820312221
201820312230
201820312231
201820312240
201820312241
201820312250
201820312251
201820312260
201820312261
201820312270
201820312271
201820312280
201820312281
201820312290
201820312291
201820312300
201820312301
201820321010
201820321011
201820321020
201820321021
201820321030
201820321031
201820321040
201820321041
201820321050
201820321051
201820321060
201820321061
201820321070
201820321071
201820321080
201820321081
201820321090
201820321091
201820321100
201820321101
201820321110
201820321111
201820321120
201820321121
201820321130
201820321131
201820321140
201820321141
201820321150
201820321151
201820321160
201820321161
201820321170
201820321171
201820321180
201820321181
201820321190
201820321191
201820321200
201820321201
201820321210
201820321211
201820321220
201820321221
201820321230
201820321231
201820321240
201820321241
201820321250
201820321251
201820321260
201820321261
201820321270
201820321271
201820321280
201820321281
201820321290
201820321291
201820321300
201820321301
201820322010
201820322011
201820322020
201820322021
201820322030
201820322031
201820322040
201820322041
201820322050
201820322051
201820322060
201820322061
201820322070
201820322071
201820322080
201820322081
201820322090
201820322091
201820322100
201820322101
201820322110
201820322111
201820322120
201820322121
201820322130
201820322131
201820322140
201820322141
201820322150
201820322151
201820322160
201820322161
201820322170
201820322171
201820322180
201820322181
201820322190
201820322191
201820322200
201820322201
201820322210
201820322211
201820322220
201820322221
201820322230
201820322231
201820322240
201820322241
201820322250
201820322251
201820322260
201820322261
201820322270
201820322271
201820322280
201820322281
201820322290
201820322291
201820322300
201820322301
201820411010
201820411011
201820411020
201820411021
201820411030
201820411031
201820411040
201820411041
201820411050
201820411051
201820411060
201820411061
201820411070
201820411071
201820411080
201820411081
201820411090
201820411091
201820411100
201820411101
201820411110
201820411111
201820411120
201820411121
201820411130
201820411131
201820411140
201820411141
201820411150
201820411151
201820411160
201820411161
201820411170
201820411171
201820411180
201820411181
201820411190
201820411191
201820411200
201820411201
201820411210
201820411211
201820411220
201820411221
201820411230
201820411231
201820411240
201820411241
201820411250
201820411251
201820411260
201820411261
201820411270
201820411271
201820411280
201820411281
201820411290
201820411291
201820411300
201820411301
201820412010
201820412011
201820412020
201820412021
201820412030
201820412031
201820412040
201820412041
201820412050
201820412051
201820412060
201820412061
201820412070
201820412071
201820412080
201820412081
201820412090
201820412091
201820412100
201820412101
201820412110
201820412111
201820412120
201820412121
201820412130
201820412131
201820412140
201820412141
201820412150
201820412151
201820412160
201820412161
201820412170
201820412171
201820412180
201820412181
201820412190
201820412191
201820412200
201820412201
201820412210
201820412211
201820412220
201820412221
201820412230
201820412231
201820412240
201820412241
201820412250
201820412251
201820412260
201820412261
201820412270
201820412271
201820412280
201820412281
201820412290
201820412291
201820412300
201820412301
201820421010
201820421011
201820421020
201820421021
201820421030
201820421031
201820421040
201820421041
201820421050
201820421051
201820421060
201820421061
201820421070
201820421071
201820421080
201820421081
201820421090
201820421091
201820421100
201820421101
201820421110
201820421111
201820421120
201820421121
201820421130
201820421131
201820421140
201820421141
201820421150
201820421151
201820421160
201820421161
201820421170
201820421171
201820421180
201820421181
201820421190
201820421191
201820421200
201820421201
201820421210
201820421211
201820421220
201820421221
201820421230
201820421231
201820421240
201820421241
201820421250
201820421251
201820421260
201820421261
201820421270
201820421271
201820421280
201820421281
201820421290
201820421291
201820421300
201820421301
201820422010
201820422011
201820422020
201820422021
201820422030
201820422031
201820422040
201820422041
201820422050
201820422051
201820422060
201820422061
201820422070
201820422071
201820422080
201820422081
201820422090
201820422091
201820422100
201820422101
201820422110
201820422111
201820422120
201820422121
201820422130
201820422131
201820422140
201820422141
201820422150
201820422151
201820422160
201820422161
201820422170
201820422171
201820422180
201820422181
201820422190
201820422191
201820422200
201820422201
201820422210
201820422211
201820422220
201820422221
201820422230
201820422231
201820422240
201820422241
201820422250
201820422251
201820422260
201820422261
201820422270
201820422271
201820422280
201820422281
201820422290
201820422291
201820422300
201820422301
201820431010
201820431011
201820431020
201820431021
201820431030
201820431031
201820431040
201820431041
201820431050
201820431051
201820431060
201820431061
201820431070
201820431071
201820431080
201820431081
201820431090
201820431091
201820431100
201820431101
201820431110
201820431111
201820431120
201820431121
201820431130
201820431131
201820431140
201820431141
201820431150
201820431151
201820431160
201820431161
201820431170
201820431171
201820431180
201820431181
201820431190
201820431191
201820431200
201820431201
201820431210
201820431211
201820431220
201820431221
201820431230
201820431231
201820431240
201820431241
201820431250
201820431251
201820431260
201820431261
201820431270
201820431271
201820431280
201820431281
201820431290
201820431291
201820431300
201820431301
201820432010
201820432011
201820432020
201820432021
201820432030
201820432031
201820432040
201820432041
201820432050
201820432051
201820432060
201820432061
201820432070
201820432071
201820432080
201820432081
201820432090
201820432091
201820432100
201820432101
201820432110
201820432111
201820432120
201820432121
201820432130
201820432131
201820432140
201820432141
201820432150
201820432151
201820432160
201820432161
201820432170
201820432171
201820432180
201820432181
201820432190
201820432191
201820432200
201820432201
201820432210
201820432211
201820432220
201820432221
201820432230
201820432231
201820432240
201820432241
201820432250
201820432251
201820432260
201820432261
201820432270
201820432271
201820432280
201820432281
201820432290
201820432291
201820432300
201820432301
201820511010
201820511011
201820511020
201820511021
201820511030
201820511031
201820511040
201820511041
201820511050
201820511051
201820511060
201820511061
201820511070
201820511071
201820511080
201820511081
201820511090
201820511091
201820511100
201820511101
201820511110
201820511111
201820511120
201820511121
201820511130
201820511131
201820511140
201820511141
201820511150
201820511151
201820511160
201820511161
201820511170
201820511171
201820511180
201820511181
201820511190
201820511191
201820511200
201820511201
201820511210
201820511211
201820511220
201820511221
201820511230
201820511231
201820511240
201820511241
201820511250
201820511251
201820511260
201820511261
201820511270
201820511271
201820511280
201820511281
201820511290
201820511291
201820511300
201820511301
201820512010
201820512011
201820512020
201820512021
201820512030
201820512031
201820512040
201820512041
201820512050
201820512051
201820512060
201820512061
201820512070
201820512071
201820512080
201820512081
201820512090
201820512091
201820512100
201820512101
201820512110
201820512111
201820512120
201820512121
201820512130
201820512131
201820512140
201820512141
201820512150
201820512151
201820512160
201820512161
201820512170
201820512171
201820512180
201820512181
201820512190
201820512191
201820512200
201820512201
201820512210
201820512211
201820512220
201820512221
201820512230
201820512231
201820512240
201820512241
201820512250
201820512251
201820512260
201820512261
201820512270
201820512271
201820512280
201820512281
201820512290
201820512291
201820512300
201820512301
201820521010
201820521011
201820521020
201820521021
201820521030
201820521031
201820521040
201820521041
201820521050
201820521051
201820521060
201820521061
201820521070
201820521071
201820521080
201820521081
201820521090
201820521091
201820521100
201820521101
201820521110
201820521111
201820521120
201820521121
201820521130
201820521131
201820521140
201820521141
201820521150
201820521151
201820521160
201820521161
201820521170
201820521171
201820521180
201820521181
201820521190
201820521191
201820521200
201820521201
201820521210
201820521211
201820521220
201820521221
201820521230
201820521231
201820521240
201820521241
201820521250
201820521251
201820521260
201820521261
201820521270
201820521271
201820521280
201820521281
201820521290
201820521291
201820521300
201820521301
201820522010
201820522011
201820522020
201820522021
201820522030
201820522031
201820522040
201820522041
201820522050
201820522051
201820522060
201820522061
201820522070
201820522071
201820522080
201820522081
201820522090
201820522091
201820522100
201820522101
201820522110
201820522111
201820522120
201820522121
201820522130
201820522131
201820522140
201820522141
201820522150
201820522151
201820522160
201820522161
201820522170
201820522171
201820522180
201820522181
201820522190
201820522191
201820522200
201820522201
201820522210
201820522211
201820522220
201820522221
201820522230
201820522231
201820522240
201820522241
201820522250
201820522251
201820522260
201820522261
201820522270
201820522271
201820522280
201820522281
201820522290
201820522291
201820522300
201820522301
201820531010
201820531011
201820531020
201820531021
201820531030
201820531031
201820531040
201820531041
201820531050
201820531051
201820531060
201820531061
201820531070
201820531071
201820531080
201820531081
201820531090
201820531091
201820531100
201820531101
201820531110
201820531111
201820531120
201820531121
201820531130
201820531131
201820531140
201820531141
201820531150
201820531151
201820531160
201820531161
201820531170
201820531171
201820531180
201820531181
201820531190
201820531191
201820531200
201820531201
201820531210
201820531211
201820531220
201820531221
201820531230
201820531231
201820531240
201820531241
201820531250
201820531251
201820531260
201820531261
201820531270
201820531271
201820531280
201820531281
201820531290
201820531291
201820531300
201820531301
201820532010
201820532011
201820532020
201820532021
201820532030
201820532031
201820532040
201820532041
201820532050
201820532051
201820532060
201820532061
201820532070
201820532071
201820532080
201820532081
201820532090
201820532091
201820532100
201820532101
201820532110
201820532111
201820532120
201820532121
201820532130
201820532131
201820532140
201820532141
201820532150
201820532151
201820532160
201820532161
201820532170
201820532171
201820532180
201820532181
201820532190
201820532191
201820532200
201820532201
201820532210
201820532211
201820532220
201820532221
201820532230
201820532231
201820532240
201820532241
201820532250
201820532251
201820532260
201820532261
201820532270
201820532271
201820532280
201820532281
201820532290
201820532291
201820532300
201820532301
201820541010
201820541011
201820541020
201820541021
201820541030
201820541031
201820541040
201820541041
201820541050
201820541051
201820541060
201820541061
201820541070
201820541071
201820541080
201820541081
201820541090
201820541091
201820541100
201820541101
201820541110
201820541111
201820541120
201820541121
201820541130
201820541131
201820541140
201820541141
201820541150
201820541151
201820541160
201820541161
201820541170
201820541171
201820541180
201820541181
201820541190
201820541191
201820541200
201820541201
201820541210
201820541211
201820541220
201820541221
201820541230
201820541231
201820541240
201820541241
201820541250
201820541251
201820541260
201820541261
201820541270
201820541271
201820541280
201820541281
201820541290
201820541291
201820541300
201820541301
201820542010
201820542011
201820542020
201820542021
201820542030
201820542031
201820542040
201820542041
201820542050
201820542051
201820542060
201820542061
201820542070
201820542071
201820542080
201820542081
201820542090
201820542091
201820542100
201820542101
201820542110
201820542111
201820542120
201820542121
201820542130
201820542131
201820542140
201820542141
201820542150
201820542151
201820542160
201820542161
201820542170
201820542171
201820542180
201820542181
201820542190
201820542191
201820542200
201820542201
201820542210
201820542211
201820542220
201820542221
201820542230
201820542231
201820542240
201820542241
201820542250
201820542251
201820542260
201820542261
201820542270
201820542271
201820542280
201820542281
201820542290
201820542291
201820542300
201820542301
201820611010
201820611011
201820611020
201820611021
201820611030
201820611031
201820611040
201820611041
201820611050
201820611051
201820611060
201820611061
201820611070
201820611071
201820611080
201820611081
201820611090
201820611091
201820611100
201820611101
201820611110
201820611111
201820611120
201820611121
201820611130
201820611131
201820611140
201820611141
201820611150
201820611151
201820611160
201820611161
201820611170
201820611171
201820611180
201820611181
201820611190
201820611191
201820611200
201820611201
201820611210
201820611211
201820611220
201820611221
201820611230
201820611231
201820611240
201820611241
201820611250
201820611251
201820611260
201820611261
201820611270
201820611271
201820611280
201820611281
201820611290
201820611291
201820611300
201820611301
201820612010
201820612011
201820612020
201820612021
201820612030
201820612031
201820612040
201820612041
201820612050
201820612051
201820612060
201820612061
201820612070
201820612071
201820612080
201820612081
201820612090
201820612091
201820612100
201820612101
201820612110
201820612111
201820612120
201820612121
201820612130
201820612131
201820612140
201820612141
201820612150
201820612151
201820612160
201820612161
201820612170
201820612171
201820612180
201820612181
201820612190
201820612191
201820612200
201820612201
201820612210
201820612211
201820612220
201820612221
201820612230
201820612231
201820612240
201820612241
201820612250
201820612251
201820612260
201820612261
201820612270
201820612271
201820612280
201820612281
201820612290
201820612291
201820612300
201820612301
201820621010
201820621011
201820621020
201820621021
201820621030
201820621031
201820621040
201820621041
201820621050
201820621051
201820621060
201820621061
201820621070
201820621071
201820621080
201820621081
201820621090
201820621091
201820621100
201820621101
201820621110
201820621111
201820621120
201820621121
201820621130
201820621131
201820621140
201820621141
201820621150
201820621151
201820621160
201820621161
201820621170
201820621171
201820621180
201820621181
201820621190
201820621191
201820621200
201820621201
201820621210
201820621211
201820621220
201820621221
201820621230
201820621231
201820621240
201820621241
201820621250
201820621251
201820621260
201820621261
201820621270
201820621271
201820621280
201820621281
201820621290
201820621291
201820621300
201820621301
201820622010
201820622011
201820622020
201820622021
201820622030
201820622031
201820622040
201820622041
201820622050
201820622051
201820622060
201820622061
201820622070
201820622071
201820622080
201820622081
201820622090
201820622091
201820622100
201820622101
201820622110
201820622111
201820622120
201820622121
201820622130
201820622131
201820622140
201820622141
201820622150
201820622151
201820622160
201820622161
201820622170
201820622171
201820622180
201820622181
201820622190
201820622191
201820622200
201820622201
201820622210
201820622211
201820622220
201820622221
201820622230
201820622231
201820622240
201820622241
201820622250
201820622251
201820622260
201820622261
201820622270
201820622271
201820622280
201820622281
201820622290
201820622291
201820622300
201820622301
201820631010
201820631011
201820631020
201820631021
201820631030
201820631031
201820631040
201820631041
201820631050
201820631051
201820631060
201820631061
201820631070
201820631071
201820631080
201820631081
201820631090
201820631091
201820631100
201820631101
201820631110
201820631111
201820631120
201820631121
201820631130
201820631131
201820631140
201820631141
201820631150
201820631151
201820631160
201820631161
201820631170
201820631171
201820631180
201820631181
201820631190
201820631191
201820631200
201820631201
201820631210
201820631211
201820631220
201820631221
201820631230
201820631231
201820631240
201820631241
201820631250
201820631251
201820631260
201820631261
201820631270
201820631271
201820631280
201820631281
201820631290
201820631291
201820631300
201820631301
201820632010
201820632011
201820632020
201820632021
201820632030
201820632031
201820632040
201820632041
201820632050
201820632051
201820632060
201820632061
201820632070
201820632071
201820632080
201820632081
201820632090
201820632091
201820632100
201820632101
201820632110
201820632111
201820632120
201820632121
201820632130
201820632131
201820632140
201820632141
201820632150
201820632151
201820632160
201820632161
201820632170
201820632171
201820632180
201820632181
201820632190
201820632191
201820632200
201820632201
201820632210
201820632211
201820632220
201820632221
201820632230
201820632231
201820632240
201820632241
201820632250
201820632251
201820632260
201820632261
201820632270
201820632271
201820632280
201820632281
201820632290
201820632291
201820632300
201820632301
201820711010
201820711011
201820711020
201820711021
201820711030
201820711031
201820711040
201820711041
201820711050
201820711051
201820711060
201820711061
201820711070
201820711071
201820711080
201820711081
201820711090
201820711091
201820711100
201820711101
201820711110
201820711111
201820711120
201820711121
201820711130
201820711131
201820711140
201820711141
201820711150
201820711151
201820711160
201820711161
201820711170
201820711171
201820711180
201820711181
201820711190
201820711191
201820711200
201820711201
201820711210
201820711211
201820711220
201820711221
201820711230
201820711231
201820711240
201820711241
201820711250
201820711251
201820711260
201820711261
201820711270
201820711271
201820711280
201820711281
201820711290
201820711291
201820711300
201820711301
201820712010
201820712011
201820712020
201820712021
201820712030
201820712031
201820712040
201820712041
201820712050
201820712051
201820712060
201820712061
201820712070
201820712071
201820712080
201820712081
201820712090
201820712091
201820712100
201820712101
201820712110
201820712111
201820712120
201820712121
201820712130
201820712131
201820712140
201820712141
201820712150
201820712151
201820712160
201820712161
201820712170
201820712171
201820712180
201820712181
201820712190
201820712191
201820712200
201820712201
201820712210
201820712211
201820712220
201820712221
201820712230
201820712231
201820712240
201820712241
201820712250
201820712251
201820712260
201820712261
201820712270
201820712271
201820712280
201820712281
201820712290
201820712291
201820712300
201820712301
201820721010
201820721011
201820721020
201820721021
201820721030
201820721031
201820721040
201820721041
201820721050
201820721051
201820721060
201820721061
201820721070
201820721071
201820721080
201820721081
201820721090
201820721091
201820721100
201820721101
201820721110
201820721111
201820721120
201820721121
201820721130
201820721131
201820721140
201820721141
201820721150
201820721151
201820721160
201820721161
201820721170
201820721171
201820721180
201820721181
201820721190
201820721191
201820721200
201820721201
201820721210
201820721211
201820721220
201820721221
201820721230
201820721231
201820721240
201820721241
201820721250
201820721251
201820721260
201820721261
201820721270
201820721271
201820721280
201820721281
201820721290
201820721291
201820721300
201820721301
201820722010
201820722011
201820722020
201820722021
201820722030
201820722031
201820722040
201820722041
201820722050
201820722051
201820722060
201820722061
201820722070
201820722071
201820722080
201820722081
201820722090
201820722091
201820722100
201820722101
201820722110
201820722111
201820722120
201820722121
201820722130
201820722131
201820722140
201820722141
201820722150
201820722151
201820722160
201820722161
201820722170
201820722171
201820722180
201820722181
201820722190
201820722191
201820722200
201820722201
201820722210
201820722211
201820722220
201820722221
201820722230
201820722231
201820722240
201820722241
201820722250
201820722251
201820722260
201820722261
201820722270
201820722271
201820722280
201820722281
201820722290
201820722291
201820722300
201820722301
201820731010
201820731011
201820731020
201820731021
201820731030
201820731031
201820731040
201820731041
201820731050
201820731051
201820731060
201820731061
201820731070
201820731071
201820731080
201820731081
201820731090
201820731091
201820731100
201820731101
201820731110
201820731111
201820731120
201820731121
201820731130
201820731131
201820731140
201820731141
201820731150
201820731151
201820731160
201820731161
201820731170
201820731171
201820731180
201820731181
201820731190
201820731191
201820731200
201820731201
201820731210
201820731211
201820731220
201820731221
201820731230
201820731231
201820731240
201820731241
201820731250
201820731251
201820731260
201820731261
201820731270
201820731271
201820731280
201820731281
201820731290
201820731291
201820731300
201820731301
201820732010
201820732011
201820732020
201820732021
201820732030
201820732031
201820732040
201820732041
201820732050
201820732051
201820732060
201820732061
201820732070
201820732071
201820732080
201820732081
201820732090
201820732091
201820732100
201820732101
201820732110
201820732111
201820732120
201820732121
201820732130
201820732131
201820732140
201820732141
201820732150
201820732151
201820732160
201820732161
201820732170
201820732171
201820732180
201820732181
201820732190
201820732191
201820732200
201820732201
201820732210
201820732211
201820732220
201820732221
201820732230
201820732231
201820732240
201820732241
201820732250
201820732251
201820732260
201820732261
201820732270
201820732271
201820732280
201820732281
201820732290
201820732291
201820732300
201820732301
201820811010
201820811011
201820811020
201820811021
201820811030
201820811031
201820811040
201820811041
201820811050
201820811051
201820811060
201820811061
201820811070
201820811071
201820811080
201820811081
201820811090
201820811091
201820811100
201820811101
201820811110
201820811111
201820811120
201820811121
201820811130
201820811131
201820811140
201820811141
201820811150
201820811151
201820811160
201820811161
201820811170
201820811171
201820811180
201820811181
201820811190
201820811191
201820811200
201820811201
201820811210
201820811211
201820811220
201820811221
201820811230
201820811231
201820811240
201820811241
201820811250
201820811251
201820811260
201820811261
201820811270
201820811271
201820811280
201820811281
201820811290
201820811291
201820811300
201820811301
201820812010
201820812011
201820812020
201820812021
201820812030
201820812031
201820812040
201820812041
201820812050
201820812051
201820812060
201820812061
201820812070
201820812071
201820812080
201820812081
201820812090
201820812091
201820812100
201820812101
201820812110
201820812111
201820812120
201820812121
201820812130
201820812131
201820812140
201820812141
201820812150
201820812151
201820812160
201820812161
201820812170
201820812171
201820812180
201820812181
201820812190
201820812191
201820812200
201820812201
201820812210
201820812211
201820812220
201820812221
201820812230
201820812231
201820812240
201820812241
201820812250
201820812251
201820812260
201820812261
201820812270
201820812271
201820812280
201820812281
201820812290
201820812291
201820812300
201820812301
201820821010
201820821011
201820821020
201820821021
201820821030
201820821031
201820821040
201820821041
201820821050
201820821051
201820821060
201820821061
201820821070
201820821071
201820821080
201820821081
201820821090
201820821091
201820821100
201820821101
201820821110
201820821111
201820821120
201820821121
201820821130
201820821131
201820821140
201820821141
201820821150
201820821151
201820821160
201820821161
201820821170
201820821171
201820821180
201820821181
201820821190
201820821191
201820821200
201820821201
201820821210
201820821211
201820821220
201820821221
201820821230
201820821231
201820821240
201820821241
201820821250
201820821251
201820821260
201820821261
201820821270
201820821271
201820821280
201820821281
201820821290
201820821291
201820821300
201820821301
201820822010
201820822011
201820822020
201820822021
201820822030
201820822031
201820822040
201820822041
201820822050
201820822051
201820822060
201820822061
201820822070
201820822071
201820822080
201820822081
201820822090
201820822091
201820822100
201820822101
201820822110
201820822111
201820822120
201820822121
201820822130
201820822131
201820822140
201820822141
201820822150
201820822151
201820822160
201820822161
201820822170
201820822171
201820822180
201820822181
201820822190
201820822191
201820822200
201820822201
201820822210
201820822211
201820822220
201820822221
201820822230
201820822231
201820822240
201820822241
201820822250
201820822251
201820822260
201820822261
201820822270
201820822271
201820822280
201820822281
201820822290
201820822291
201820822300
201820822301
201820831010
201820831011
201820831020
201820831021
201820831030
201820831031
201820831040
201820831041
201820831050
201820831051
201820831060
201820831061
201820831070
201820831071
201820831080
201820831081
201820831090
201820831091
201820831100
201820831101
201820831110
201820831111
201820831120
201820831121
201820831130
201820831131
201820831140
201820831141
201820831150
201820831151
201820831160
201820831161
201820831170
201820831171
201820831180
201820831181
201820831190
201820831191
201820831200
201820831201
201820831210
201820831211
201820831220
201820831221
201820831230
201820831231
201820831240
201820831241
201820831250
201820831251
201820831260
201820831261
201820831270
201820831271
201820831280
201820831281
201820831290
201820831291
201820831300
201820831301
201820832010
201820832011
201820832020
201820832021
201820832030
201820832031
201820832040
201820832041
201820832050
201820832051
201820832060
201820832061
201820832070
201820832071
201820832080
201820832081
201820832090
201820832091
201820832100
201820832101
201820832110
201820832111
201820832120
201820832121
201820832130
201820832131
201820832140
201820832141
201820832150
201820832151
201820832160
201820832161
201820832170
201820832171
201820832180
201820832181
201820832190
201820832191
201820832200
201820832201
201820832210
201820832211
201820832220
201820832221
201820832230
201820832231
201820832240
201820832241
201820832250
201820832251
201820832260
201820832261
201820832270
201820832271
201820832280
201820832281
201820832290
201820832291
201820832300
201820832301
201820841010
201820841011
201820841020
201820841021
201820841030
201820841031
201820841040
201820841041
201820841050
201820841051
201820841060
201820841061
201820841070
201820841071
201820841080
201820841081
201820841090
201820841091
201820841100
201820841101
201820841110
201820841111
201820841120
201820841121
201820841130
201820841131
201820841140
201820841141
201820841150
201820841151
201820841160
201820841161
201820841170
201820841171
201820841180
201820841181
201820841190
201820841191
201820841200
201820841201
201820841210
201820841211
201820841220
201820841221
201820841230
201820841231
201820841240
201820841241
201820841250
201820841251
201820841260
201820841261
201820841270
201820841271
201820841280
201820841281
201820841290
201820841291
201820841300
201820841301
201820842010
201820842011
201820842020
201820842021
201820842030
201820842031
201820842040
201820842041
201820842050
201820842051
201820842060
201820842061
201820842070
201820842071
201820842080
201820842081
201820842090
201820842091
201820842100
201820842101
201820842110
201820842111
201820842120
201820842121
201820842130
201820842131
201820842140
201820842141
201820842150
201820842151
201820842160
201820842161
201820842170
201820842171
201820842180
201820842181
201820842190
201820842191
201820842200
201820842201
201820842210
201820842211
201820842220
201820842221
201820842230
201820842231
201820842240
201820842241
201820842250
201820842251
201820842260
201820842261
201820842270
201820842271
201820842280
201820842281
201820842290
201820842291
201820842300
201820842301
201820851010
201820851011
201820851020
201820851021
201820851030
201820851031
201820851040
201820851041
201820851050
201820851051
201820851060
201820851061
201820851070
201820851071
201820851080
201820851081
201820851090
201820851091
201820851100
201820851101
201820851110
201820851111
201820851120
201820851121
201820851130
201820851131
201820851140
201820851141
201820851150
201820851151
201820851160
201820851161
201820851170
201820851171
201820851180
201820851181
201820851190
201820851191
201820851200
201820851201
201820851210
201820851211
201820851220
201820851221
201820851230
201820851231
201820851240
201820851241
201820851250
201820851251
201820851260
201820851261
201820851270
201820851271
201820851280
201820851281
201820851290
201820851291
201820851300
201820851301
201820852010
201820852011
201820852020
201820852021
201820852030
201820852031
201820852040
201820852041
201820852050
201820852051
201820852060
201820852061
201820852070
201820852071
201820852080
201820852081
201820852090
201820852091
201820852100
201820852101
201820852110
201820852111
201820852120
201820852121
201820852130
201820852131
201820852140
201820852141
201820852150
201820852151
201820852160
201820852161
201820852170
201820852171
201820852180
201820852181
201820852190
201820852191
201820852200
201820852201
201820852210
201820852211
201820852220
201820852221
201820852230
201820852231
201820852240
201820852241
201820852250
201820852251
201820852260
201820852261
201820852270
201820852271
201820852280
201820852281
201820852290
201820852291
201820852300
201820852301
201820911010
201820911011
201820911020
201820911021
201820911030
201820911031
201820911040
201820911041
201820911050
201820911051
201820911060
201820911061
201820911070
201820911071
201820911080
201820911081
201820911090
201820911091
201820911100
201820911101
201820911110
201820911111
201820911120
201820911121
201820911130
201820911131
201820911140
201820911141
201820911150
201820911151
201820911160
201820911161
201820911170
201820911171
201820911180
201820911181
201820911190
201820911191
201820911200
201820911201
201820911210
201820911211
201820911220
201820911221
201820911230
201820911231
201820911240
201820911241
201820911250
201820911251
201820911260
201820911261
201820911270
201820911271
201820911280
201820911281
201820911290
201820911291
201820911300
201820911301
201820912010
201820912011
201820912020
201820912021
201820912030
201820912031
201820912040
201820912041
201820912050
201820912051
201820912060
201820912061
201820912070
201820912071
201820912080
201820912081
201820912090
201820912091
201820912100
201820912101
201820912110
201820912111
201820912120
201820912121
201820912130
201820912131
201820912140
201820912141
201820912150
201820912151
201820912160
201820912161
201820912170
201820912171
201820912180
201820912181
201820912190
201820912191
201820912200
201820912201
201820912210
201820912211
201820912220
201820912221
201820912230
201820912231
201820912240
201820912241
201820912250
201820912251
201820912260
201820912261
201820912270
201820912271
201820912280
201820912281
201820912290
201820912291
201820912300
201820912301
201820921010
201820921011
201820921020
201820921021
201820921030
201820921031
201820921040
201820921041
201820921050
201820921051
201820921060
201820921061
201820921070
201820921071
201820921080
201820921081
201820921090
201820921091
201820921100
201820921101
201820921110
201820921111
201820921120
201820921121
201820921130
201820921131
201820921140
201820921141
201820921150
201820921151
201820921160
201820921161
201820921170
201820921171
201820921180
201820921181
201820921190
201820921191
201820921200
201820921201
201820921210
201820921211
201820921220
201820921221
201820921230
201820921231
201820921240
201820921241
201820921250
201820921251
201820921260
201820921261
201820921270
201820921271
201820921280
201820921281
201820921290
201820921291
201820921300
201820921301
201820922010
201820922011
201820922020
201820922021
201820922030
201820922031
201820922040
201820922041
201820922050
201820922051
201820922060
201820922061
201820922070
201820922071
201820922080
201820922081
201820922090
201820922091
201820922100
201820922101
201820922110
201820922111
201820922120
201820922121
201820922130
201820922131
201820922140
201820922141
201820922150
201820922151
201820922160
201820922161
201820922170
201820922171
201820922180
201820922181
201820922190
201820922191
201820922200
201820922201
201820922210
201820922211
201820922220
201820922221
201820922230
201820922231
201820922240
201820922241
201820922250
201820922251
201820922260
201820922261
201820922270
201820922271
201820922280
201820922281
201820922290
201820922291
201820922300
201820922301
201920111010
201920111011
201920111020
201920111021
201920111030
201920111031
201920111040
201920111041
201920111050
201920111051
201920111060
201920111061
201920111070
201920111071
201920111080
201920111081
201920111090
201920111091
201920111100
201920111101
201920111110
201920111111
201920111120
201920111121
201920111130
201920111131
201920111140
201920111141
201920111150
201920111151
201920111160
201920111161
201920111170
201920111171
201920111180
201920111181
201920111190
201920111191
201920111200
201920111201
201920111210
201920111211
201920111220
201920111221
201920111230
201920111231
201920111240
201920111241
201920111250
201920111251
201920111260
201920111261
201920111270
201920111271
201920111280
201920111281
201920111290
201920111291
201920111300
201920111301
201920112010
201920112011
201920112020
201920112021
201920112030
201920112031
201920112040
201920112041
201920112050
201920112051
201920112060
201920112061
201920112070
201920112071
201920112080
201920112081
201920112090
201920112091
201920112100
201920112101
201920112110
201920112111
201920112120
201920112121
201920112130
201920112131
201920112140
201920112141
201920112150
201920112151
201920112160
201920112161
201920112170
201920112171
201920112180
201920112181
201920112190
201920112191
201920112200
201920112201
201920112210
201920112211
201920112220
201920112221
201920112230
201920112231
201920112240
201920112241
201920112250
201920112251
201920112260
201920112261
201920112270
201920112271
201920112280
201920112281
201920112290
201920112291
201920112300
201920112301
201920121010
201920121011
201920121020
201920121021
201920121030
201920121031
201920121040
201920121041
201920121050
201920121051
201920121060
201920121061
201920121070
201920121071
201920121080
201920121081
201920121090
201920121091
201920121100
201920121101
201920121110
201920121111
201920121120
201920121121
201920121130
201920121131
201920121140
201920121141
201920121150
201920121151
201920121160
201920121161
201920121170
201920121171
201920121180
201920121181
201920121190
201920121191
201920121200
201920121201
201920121210
201920121211
201920121220
201920121221
201920121230
201920121231
201920121240
201920121241
201920121250
201920121251
201920121260
201920121261
201920121270
201920121271
201920121280
201920121281
201920121290
201920121291
201920121300
201920121301
201920122010
201920122011
201920122020
201920122021
201920122030
201920122031
201920122040
201920122041
201920122050
201920122051
201920122060
201920122061
201920122070
201920122071
201920122080
201920122081
201920122090
201920122091
201920122100
201920122101
201920122110
201920122111
201920122120
201920122121
201920122130
201920122131
201920122140
201920122141
201920122150
201920122151
201920122160
201920122161
201920122170
201920122171
201920122180
201920122181
201920122190
201920122191
201920122200
201920122201
201920122210
201920122211
201920122220
201920122221
201920122230
201920122231
201920122240
201920122241
201920122250
201920122251
201920122260
201920122261
201920122270
201920122271
201920122280
201920122281
201920122290
201920122291
201920122300
201920122301
201920131010
201920131011
201920131020
201920131021
201920131030
201920131031
201920131040
201920131041
201920131050
201920131051
201920131060
201920131061
201920131070
201920131071
201920131080
201920131081
201920131090
201920131091
201920131100
201920131101
201920131110
201920131111
201920131120
201920131121
201920131130
201920131131
201920131140
201920131141
201920131150
201920131151
201920131160
201920131161
201920131170
201920131171
201920131180
201920131181
201920131190
201920131191
201920131200
201920131201
201920131210
201920131211
201920131220
201920131221
201920131230
201920131231
201920131240
201920131241
201920131250
201920131251
201920131260
201920131261
201920131270
201920131271
201920131280
201920131281
201920131290
201920131291
201920131300
201920131301
201920132010
201920132011
201920132020
201920132021
201920132030
201920132031
201920132040
201920132041
201920132050
201920132051
201920132060
201920132061
201920132070
201920132071
201920132080
201920132081
201920132090
201920132091
201920132100
201920132101
201920132110
201920132111
201920132120
201920132121
201920132130
201920132131
201920132140
201920132141
201920132150
201920132151
201920132160
201920132161
201920132170
201920132171
201920132180
201920132181
201920132190
201920132191
201920132200
201920132201
201920132210
201920132211
201920132220
201920132221
201920132230
201920132231
201920132240
201920132241
201920132250
201920132251
201920132260
201920132261
201920132270
201920132271
201920132280
201920132281
201920132290
201920132291
201920132300
201920132301
201920141010
201920141011
201920141020
201920141021
201920141030
201920141031
201920141040
201920141041
201920141050
201920141051
201920141060
201920141061
201920141070
201920141071
201920141080
201920141081
201920141090
201920141091
201920141100
201920141101
201920141110
201920141111
201920141120
201920141121
201920141130
201920141131
201920141140
201920141141
201920141150
201920141151
201920141160
201920141161
201920141170
201920141171
201920141180
201920141181
201920141190
201920141191
201920141200
201920141201
201920141210
201920141211
201920141220
201920141221
201920141230
201920141231
201920141240
201920141241
201920141250
201920141251
201920141260
201920141261
201920141270
201920141271
201920141280
201920141281
201920141290
201920141291
201920141300
201920141301
201920142010
201920142011
201920142020
201920142021
201920142030
201920142031
201920142040
201920142041
201920142050
201920142051
201920142060
201920142061
201920142070
201920142071
201920142080
201920142081
201920142090
201920142091
201920142100
201920142101
201920142110
201920142111
201920142120
201920142121
201920142130
201920142131
201920142140
201920142141
201920142150
201920142151
201920142160
201920142161
201920142170
201920142171
201920142180
201920142181
201920142190
201920142191
201920142200
201920142201
201920142210
201920142211
201920142220
201920142221
201920142230
201920142231
201920142240
201920142241
201920142250
201920142251
201920142260
201920142261
201920142270
201920142271
201920142280
201920142281
201920142290
201920142291
201920142300
201920142301
201920211010
201920211011
201920211020
201920211021
201920211030
201920211031
201920211040
201920211041
201920211050
201920211051
201920211060
201920211061
201920211070
201920211071
201920211080
201920211081
201920211090
201920211091
201920211100
201920211101
201920211110
201920211111
201920211120
201920211121
201920211130
201920211131
201920211140
201920211141
201920211150
201920211151
201920211160
201920211161
201920211170
201920211171
201920211180
201920211181
201920211190
201920211191
201920211200
201920211201
201920211210
201920211211
201920211220
201920211221
201920211230
201920211231
201920211240
201920211241
201920211250
201920211251
201920211260
201920211261
201920211270
201920211271
201920211280
201920211281
201920211290
201920211291
201920211300
201920211301
201920212010
201920212011
201920212020
201920212021
201920212030
201920212031
201920212040
201920212041
201920212050
201920212051
201920212060
201920212061
201920212070
201920212071
201920212080
201920212081
201920212090
201920212091
201920212100
201920212101
201920212110
201920212111
201920212120
201920212121
201920212130
201920212131
201920212140
201920212141
201920212150
201920212151
201920212160
201920212161
201920212170
201920212171
201920212180
201920212181
201920212190
201920212191
201920212200
201920212201
201920212210
201920212211
201920212220
201920212221
201920212230
201920212231
201920212240
201920212241
201920212250
201920212251
201920212260
201920212261
201920212270
201920212271
201920212280
201920212281
201920212290
201920212291
201920212300
201920212301
201920221010
201920221011
201920221020
201920221021
201920221030
201920221031
201920221040
201920221041
201920221050
201920221051
201920221060
201920221061
201920221070
201920221071
201920221080
201920221081
201920221090
201920221091
201920221100
201920221101
201920221110
201920221111
201920221120
201920221121
201920221130
201920221131
201920221140
201920221141
201920221150
201920221151
201920221160
201920221161
201920221170
201920221171
201920221180
201920221181
201920221190
201920221191
201920221200
201920221201
201920221210
201920221211
201920221220
201920221221
201920221230
201920221231
201920221240
201920221241
201920221250
201920221251
201920221260
201920221261
201920221270
201920221271
201920221280
201920221281
201920221290
201920221291
201920221300
201920221301
201920222010
201920222011
201920222020
201920222021
201920222030
201920222031
201920222040
201920222041
201920222050
201920222051
201920222060
201920222061
201920222070
201920222071
201920222080
201920222081
201920222090
201920222091
201920222100
201920222101
201920222110
201920222111
201920222120
201920222121
201920222130
201920222131
201920222140
201920222141
201920222150
201920222151
201920222160
201920222161
201920222170
201920222171
201920222180
201920222181
201920222190
201920222191
201920222200
201920222201
201920222210
201920222211
201920222220
201920222221
201920222230
201920222231
201920222240
201920222241
201920222250
201920222251
201920222260
201920222261
201920222270
201920222271
201920222280
201920222281
201920222290
201920222291
201920222300
201920222301
201920311010
201920311011
201920311020
201920311021
201920311030
201920311031
201920311040
201920311041
201920311050
201920311051
201920311060
201920311061
201920311070
201920311071
201920311080
201920311081
201920311090
201920311091
201920311100
201920311101
201920311110
201920311111
201920311120
201920311121
201920311130
201920311131
201920311140
201920311141
201920311150
201920311151
201920311160
201920311161
201920311170
201920311171
201920311180
201920311181
201920311190
201920311191
201920311200
201920311201
201920311210
201920311211
201920311220
201920311221
201920311230
201920311231
201920311240
201920311241
201920311250
201920311251
201920311260
201920311261
201920311270
201920311271
201920311280
201920311281
201920311290
201920311291
201920311300
201920311301
201920312010
201920312011
201920312020
201920312021
201920312030
201920312031
201920312040
201920312041
201920312050
201920312051
201920312060
201920312061
201920312070
201920312071
201920312080
201920312081
201920312090
201920312091
201920312100
201920312101
201920312110
201920312111
201920312120
201920312121
201920312130
201920312131
201920312140
201920312141
201920312150
201920312151
201920312160
201920312161
201920312170
201920312171
201920312180
201920312181
201920312190
201920312191
201920312200
201920312201
201920312210
201920312211
201920312220
201920312221
201920312230
201920312231
201920312240
201920312241
201920312250
201920312251
201920312260
201920312261
201920312270
201920312271
201920312280
201920312281
201920312290
201920312291
201920312300
201920312301
201920321010
201920321011
201920321020
201920321021
201920321030
201920321031
201920321040
201920321041
201920321050
201920321051
201920321060
201920321061
201920321070
201920321071
201920321080
201920321081
201920321090
201920321091
201920321100
201920321101
201920321110
201920321111
201920321120
201920321121
201920321130
201920321131
201920321140
201920321141
201920321150
201920321151
201920321160
201920321161
201920321170
201920321171
201920321180
201920321181
201920321190
201920321191
201920321200
201920321201
201920321210
201920321211
201920321220
201920321221
201920321230
201920321231
201920321240
201920321241
201920321250
201920321251
201920321260
201920321261
201920321270
201920321271
201920321280
201920321281
201920321290
201920321291
201920321300
201920321301
201920322010
201920322011
201920322020
201920322021
201920322030
201920322031
201920322040
201920322041
201920322050
201920322051
201920322060
201920322061
201920322070
201920322071
201920322080
201920322081
201920322090
201920322091
201920322100
201920322101
201920322110
201920322111
201920322120
201920322121
201920322130
201920322131
201920322140
201920322141
201920322150
201920322151
201920322160
201920322161
201920322170
201920322171
201920322180
201920322181
201920322190
201920322191
201920322200
201920322201
201920322210
201920322211
201920322220
201920322221
201920322230
201920322231
201920322240
201920322241
201920322250
201920322251
201920322260
201920322261
201920322270
201920322271
201920322280
201920322281
201920322290
201920322291
201920322300
201920322301
201920411010
201920411011
201920411020
201920411021
201920411030
201920411031
201920411040
201920411041
201920411050
201920411051
201920411060
201920411061
201920411070
201920411071
201920411080
201920411081
201920411090
201920411091
201920411100
201920411101
201920411110
201920411111
201920411120
201920411121
201920411130
201920411131
201920411140
201920411141
201920411150
201920411151
201920411160
201920411161
201920411170
201920411171
201920411180
201920411181
201920411190
201920411191
201920411200
201920411201
201920411210
201920411211
201920411220
201920411221
201920411230
201920411231
201920411240
201920411241
201920411250
201920411251
201920411260
201920411261
201920411270
201920411271
201920411280
201920411281
201920411290
201920411291
201920411300
201920411301
201920412010
201920412011
201920412020
201920412021
201920412030
201920412031
201920412040
201920412041
201920412050
201920412051
201920412060
201920412061
201920412070
201920412071
201920412080
201920412081
201920412090
201920412091
201920412100
201920412101
201920412110
201920412111
201920412120
201920412121
201920412130
201920412131
201920412140
201920412141
201920412150
201920412151
201920412160
201920412161
201920412170
201920412171
201920412180
201920412181
201920412190
201920412191
201920412200
201920412201
201920412210
201920412211
201920412220
201920412221
201920412230
201920412231
201920412240
201920412241
201920412250
201920412251
201920412260
201920412261
201920412270
201920412271
201920412280
201920412281
201920412290
201920412291
201920412300
201920412301
201920421010
201920421011
201920421020
201920421021
201920421030
201920421031
201920421040
201920421041
201920421050
201920421051
201920421060
201920421061
201920421070
201920421071
201920421080
201920421081
201920421090
201920421091
201920421100
201920421101
201920421110
201920421111
201920421120
201920421121
201920421130
201920421131
201920421140
201920421141
201920421150
201920421151
201920421160
201920421161
201920421170
201920421171
201920421180
201920421181
201920421190
201920421191
201920421200
201920421201
201920421210
201920421211
201920421220
201920421221
201920421230
201920421231
201920421240
201920421241
201920421250
201920421251
201920421260
201920421261
201920421270
201920421271
201920421280
201920421281
201920421290
201920421291
201920421300
201920421301
201920422010
201920422011
201920422020
201920422021
201920422030
201920422031
201920422040
201920422041
201920422050
201920422051
201920422060
201920422061
201920422070
201920422071
201920422080
201920422081
201920422090
201920422091
201920422100
201920422101
201920422110
201920422111
201920422120
201920422121
201920422130
201920422131
201920422140
201920422141
201920422150
201920422151
201920422160
201920422161
201920422170
201920422171
201920422180
201920422181
201920422190
201920422191
201920422200
201920422201
201920422210
201920422211
201920422220
201920422221
201920422230
201920422231
201920422240
201920422241
201920422250
201920422251
201920422260
201920422261
201920422270
201920422271
201920422280
201920422281
201920422290
201920422291
201920422300
201920422301
201920431010
201920431011
201920431020
201920431021
201920431030
201920431031
201920431040
201920431041
201920431050
201920431051
201920431060
201920431061
201920431070
201920431071
201920431080
201920431081
201920431090
201920431091
201920431100
201920431101
201920431110
201920431111
201920431120
201920431121
201920431130
201920431131
201920431140
201920431141
201920431150
201920431151
201920431160
201920431161
201920431170
201920431171
201920431180
201920431181
201920431190
201920431191
201920431200
201920431201
201920431210
201920431211
201920431220
201920431221
201920431230
201920431231
201920431240
201920431241
201920431250
201920431251
201920431260
201920431261
201920431270
201920431271
201920431280
201920431281
201920431290
201920431291
201920431300
201920431301
201920432010
201920432011
201920432020
201920432021
201920432030
201920432031
201920432040
201920432041
201920432050
201920432051
201920432060
201920432061
201920432070
201920432071
201920432080
201920432081
201920432090
201920432091
201920432100
201920432101
201920432110
201920432111
201920432120
201920432121
201920432130
201920432131
201920432140
201920432141
201920432150
201920432151
201920432160
201920432161
201920432170
201920432171
201920432180
201920432181
201920432190
201920432191
201920432200
201920432201
201920432210
201920432211
201920432220
201920432221
201920432230
201920432231
201920432240
201920432241
201920432250
201920432251
201920432260
201920432261
201920432270
201920432271
201920432280
201920432281
201920432290
201920432291
201920432300
201920432301
201920511010
201920511011
201920511020
201920511021
201920511030
201920511031
201920511040
201920511041
201920511050
201920511051
201920511060
201920511061
201920511070
201920511071
201920511080
201920511081
201920511090
201920511091
201920511100
201920511101
201920511110
201920511111
201920511120
201920511121
201920511130
201920511131
201920511140
201920511141
201920511150
201920511151
201920511160
201920511161
201920511170
201920511171
201920511180
201920511181
201920511190
201920511191
201920511200
201920511201
201920511210
201920511211
201920511220
201920511221
201920511230
201920511231
201920511240
201920511241
201920511250
201920511251
201920511260
201920511261
201920511270
201920511271
201920511280
201920511281
201920511290
201920511291
201920511300
201920511301
201920512010
201920512011
201920512020
201920512021
201920512030
201920512031
201920512040
201920512041
201920512050
201920512051
201920512060
201920512061
201920512070
201920512071
201920512080
201920512081
201920512090
201920512091
201920512100
201920512101
201920512110
201920512111
201920512120
201920512121
201920512130
201920512131
201920512140
201920512141
201920512150
201920512151
201920512160
201920512161
201920512170
201920512171
201920512180
201920512181
201920512190
201920512191
201920512200
201920512201
201920512210
201920512211
201920512220
201920512221
201920512230
201920512231
201920512240
201920512241
201920512250
201920512251
201920512260
201920512261
201920512270
201920512271
201920512280
201920512281
201920512290
201920512291
201920512300
201920512301
201920521010
201920521011
201920521020
201920521021
201920521030
201920521031
201920521040
201920521041
201920521050
201920521051
201920521060
201920521061
201920521070
201920521071
201920521080
201920521081
201920521090
201920521091
201920521100
201920521101
201920521110
201920521111
201920521120
201920521121
201920521130
201920521131
201920521140
201920521141
201920521150
201920521151
201920521160
201920521161
201920521170
201920521171
201920521180
201920521181
201920521190
201920521191
201920521200
201920521201
201920521210
201920521211
201920521220
201920521221
201920521230
201920521231
201920521240
201920521241
201920521250
201920521251
201920521260
201920521261
201920521270
201920521271
201920521280
201920521281
201920521290
201920521291
201920521300
201920521301
201920522010
201920522011
201920522020
201920522021
201920522030
201920522031
201920522040
201920522041
201920522050
201920522051
201920522060
201920522061
201920522070
201920522071
201920522080
201920522081
201920522090
201920522091
201920522100
201920522101
201920522110
201920522111
201920522120
201920522121
201920522130
201920522131
201920522140
201920522141
201920522150
201920522151
201920522160
201920522161
201920522170
201920522171
201920522180
201920522181
201920522190
201920522191
201920522200
201920522201
201920522210
201920522211
201920522220
201920522221
201920522230
201920522231
201920522240
201920522241
201920522250
201920522251
201920522260
201920522261
201920522270
201920522271
201920522280
201920522281
201920522290
201920522291
201920522300
201920522301
201920531010
201920531011
201920531020
201920531021
201920531030
201920531031
201920531040
201920531041
201920531050
201920531051
201920531060
201920531061
201920531070
201920531071
201920531080
201920531081
201920531090
201920531091
201920531100
201920531101
201920531110
201920531111
201920531120
201920531121
201920531130
201920531131
201920531140
201920531141
201920531150
201920531151
201920531160
201920531161
201920531170
201920531171
201920531180
201920531181
201920531190
201920531191
201920531200
201920531201
201920531210
201920531211
201920531220
201920531221
201920531230
201920531231
201920531240
201920531241
201920531250
201920531251
201920531260
201920531261
201920531270
201920531271
201920531280
201920531281
201920531290
201920531291
201920531300
201920531301
201920532010
201920532011
201920532020
201920532021
201920532030
201920532031
201920532040
201920532041
201920532050
201920532051
201920532060
201920532061
201920532070
201920532071
201920532080
201920532081
201920532090
201920532091
201920532100
201920532101
201920532110
201920532111
201920532120
201920532121
201920532130
201920532131
201920532140
201920532141
201920532150
201920532151
201920532160
201920532161
201920532170
201920532171
201920532180
201920532181
201920532190
201920532191
201920532200
201920532201
201920532210
201920532211
201920532220
201920532221
201920532230
201920532231
201920532240
201920532241
201920532250
201920532251
201920532260
201920532261
201920532270
201920532271
201920532280
201920532281
201920532290
201920532291
201920532300
201920532301
201920541010
201920541011
201920541020
201920541021
201920541030
201920541031
201920541040
201920541041
201920541050
201920541051
201920541060
201920541061
201920541070
201920541071
201920541080
201920541081
201920541090
201920541091
201920541100
201920541101
201920541110
201920541111
201920541120
201920541121
201920541130
201920541131
201920541140
201920541141
201920541150
201920541151
201920541160
201920541161
201920541170
201920541171
201920541180
201920541181
201920541190
201920541191
201920541200
201920541201
201920541210
201920541211
201920541220
201920541221
201920541230
201920541231
201920541240
201920541241
201920541250
201920541251
201920541260
201920541261
201920541270
201920541271
201920541280
201920541281
201920541290
201920541291
201920541300
201920541301
201920542010
201920542011
201920542020
201920542021
201920542030
201920542031
201920542040
201920542041
201920542050
201920542051
201920542060
201920542061
201920542070
201920542071
201920542080
201920542081
201920542090
201920542091
201920542100
201920542101
201920542110
201920542111
201920542120
201920542121
201920542130
201920542131
201920542140
201920542141
201920542150
201920542151
201920542160
201920542161
201920542170
201920542171
201920542180
201920542181
201920542190
201920542191
201920542200
201920542201
201920542210
201920542211
201920542220
201920542221
201920542230
201920542231
201920542240
201920542241
201920542250
201920542251
201920542260
201920542261
201920542270
201920542271
201920542280
201920542281
201920542290
201920542291
201920542300
201920542301
201920611010
201920611011
201920611020
201920611021
201920611030
201920611031
201920611040
201920611041
201920611050
201920611051
201920611060
201920611061
201920611070
201920611071
201920611080
201920611081
201920611090
201920611091
201920611100
201920611101
201920611110
201920611111
201920611120
201920611121
201920611130
201920611131
201920611140
201920611141
201920611150
201920611151
201920611160
201920611161
201920611170
201920611171
201920611180
201920611181
201920611190
201920611191
201920611200
201920611201
201920611210
201920611211
201920611220
201920611221
201920611230
201920611231
201920611240
201920611241
201920611250
201920611251
201920611260
201920611261
201920611270
201920611271
201920611280
201920611281
201920611290
201920611291
201920611300
201920611301
201920612010
201920612011
201920612020
201920612021
201920612030
201920612031
201920612040
201920612041
201920612050
201920612051
201920612060
201920612061
201920612070
201920612071
201920612080
201920612081
201920612090
201920612091
201920612100
201920612101
201920612110
201920612111
201920612120
201920612121
201920612130
201920612131
201920612140
201920612141
201920612150
201920612151
201920612160
201920612161
201920612170
201920612171
201920612180
201920612181
201920612190
201920612191
201920612200
201920612201
201920612210
201920612211
201920612220
201920612221
201920612230
201920612231
201920612240
201920612241
201920612250
201920612251
201920612260
201920612261
201920612270
201920612271
201920612280
201920612281
201920612290
201920612291
201920612300
201920612301
201920621010
201920621011
201920621020
201920621021
201920621030
201920621031
201920621040
201920621041
201920621050
201920621051
201920621060
201920621061
201920621070
201920621071
201920621080
201920621081
201920621090
201920621091
201920621100
201920621101
201920621110
201920621111
201920621120
201920621121
201920621130
201920621131
201920621140
201920621141
201920621150
201920621151
201920621160
201920621161
201920621170
201920621171
201920621180
201920621181
201920621190
201920621191
201920621200
201920621201
201920621210
201920621211
201920621220
201920621221
201920621230
201920621231
201920621240
201920621241
201920621250
201920621251
201920621260
201920621261
201920621270
201920621271
201920621280
201920621281
201920621290
201920621291
201920621300
201920621301
201920622010
201920622011
201920622020
201920622021
201920622030
201920622031
201920622040
201920622041
201920622050
201920622051
201920622060
201920622061
201920622070
201920622071
201920622080
201920622081
201920622090
201920622091
201920622100
201920622101
201920622110
201920622111
201920622120
201920622121
201920622130
201920622131
201920622140
201920622141
201920622150
201920622151
201920622160
201920622161
201920622170
201920622171
201920622180
201920622181
201920622190
201920622191
201920622200
201920622201
201920622210
201920622211
201920622220
201920622221
201920622230
201920622231
201920622240
201920622241
201920622250
201920622251
201920622260
201920622261
201920622270
201920622271
201920622280
201920622281
201920622290
201920622291
201920622300
201920622301
201920631010
201920631011
201920631020
201920631021
201920631030
201920631031
201920631040
201920631041
201920631050
201920631051
201920631060
201920631061
201920631070
201920631071
201920631080
201920631081
201920631090
201920631091
201920631100
201920631101
201920631110
201920631111
201920631120
201920631121
201920631130
201920631131
201920631140
201920631141
201920631150
201920631151
201920631160
201920631161
201920631170
201920631171
201920631180
201920631181
201920631190
201920631191
201920631200
201920631201
201920631210
201920631211
201920631220
201920631221
201920631230
201920631231
201920631240
201920631241
201920631250
201920631251
201920631260
201920631261
201920631270
201920631271
201920631280
201920631281
201920631290
201920631291
201920631300
201920631301
201920632010
201920632011
201920632020
201920632021
201920632030
201920632031
201920632040
201920632041
201920632050
201920632051
201920632060
201920632061
201920632070
201920632071
201920632080
201920632081
201920632090
201920632091
201920632100
201920632101
201920632110
201920632111
201920632120
201920632121
201920632130
201920632131
201920632140
201920632141
201920632150
201920632151
201920632160
201920632161
201920632170
201920632171
201920632180
201920632181
201920632190
201920632191
201920632200
201920632201
201920632210
201920632211
201920632220
201920632221
201920632230
201920632231
201920632240
201920632241
201920632250
201920632251
201920632260
201920632261
201920632270
201920632271
201920632280
201920632281
201920632290
201920632291
201920632300
201920632301
201920711010
201920711011
201920711020
201920711021
201920711030
201920711031
201920711040
201920711041
201920711050
201920711051
201920711060
201920711061
201920711070
201920711071
201920711080
201920711081
201920711090
201920711091
201920711100
201920711101
201920711110
201920711111
201920711120
201920711121
201920711130
201920711131
201920711140
201920711141
201920711150
201920711151
201920711160
201920711161
201920711170
201920711171
201920711180
201920711181
201920711190
201920711191
201920711200
201920711201
201920711210
201920711211
201920711220
201920711221
201920711230
201920711231
201920711240
201920711241
201920711250
201920711251
201920711260
201920711261
201920711270
201920711271
201920711280
201920711281
201920711290
201920711291
201920711300
201920711301
201920712010
201920712011
201920712020
201920712021
201920712030
201920712031
201920712040
201920712041
201920712050
201920712051
201920712060
201920712061
201920712070
201920712071
201920712080
201920712081
201920712090
201920712091
201920712100
201920712101
201920712110
201920712111
201920712120
201920712121
201920712130
201920712131
201920712140
201920712141
201920712150
201920712151
201920712160
201920712161
201920712170
201920712171
201920712180
201920712181
201920712190
201920712191
201920712200
201920712201
201920712210
201920712211
201920712220
201920712221
201920712230
201920712231
201920712240
201920712241
201920712250
201920712251
201920712260
201920712261
201920712270
201920712271
201920712280
201920712281
201920712290
201920712291
201920712300
201920712301
201920721010
201920721011
201920721020
201920721021
201920721030
201920721031
201920721040
201920721041
201920721050
201920721051
201920721060
201920721061
201920721070
201920721071
201920721080
201920721081
201920721090
201920721091
201920721100
201920721101
201920721110
201920721111
201920721120
201920721121
201920721130
201920721131
201920721140
201920721141
201920721150
201920721151
201920721160
201920721161
201920721170
201920721171
201920721180
201920721181
201920721190
201920721191
201920721200
201920721201
201920721210
201920721211
201920721220
201920721221
201920721230
201920721231
201920721240
201920721241
201920721250
201920721251
201920721260
201920721261
201920721270
201920721271
201920721280
201920721281
201920721290
201920721291
201920721300
201920721301
201920722010
201920722011
201920722020
201920722021
201920722030
201920722031
201920722040
201920722041
201920722050
201920722051
201920722060
201920722061
201920722070
201920722071
201920722080
201920722081
201920722090
201920722091
201920722100
201920722101
201920722110
201920722111
201920722120
201920722121
201920722130
201920722131
201920722140
201920722141
201920722150
201920722151
201920722160
201920722161
201920722170
201920722171
201920722180
201920722181
201920722190
201920722191
201920722200
201920722201
201920722210
201920722211
201920722220
201920722221
201920722230
201920722231
201920722240
201920722241
201920722250
201920722251
201920722260
201920722261
201920722270
201920722271
201920722280
201920722281
201920722290
201920722291
201920722300
201920722301
201920731010
201920731011
201920731020
201920731021
201920731030
201920731031
201920731040
201920731041
201920731050
201920731051
201920731060
201920731061
201920731070
201920731071
201920731080
201920731081
201920731090
201920731091
201920731100
201920731101
201920731110
201920731111
201920731120
201920731121
201920731130
201920731131
201920731140
201920731141
201920731150
201920731151
201920731160
201920731161
201920731170
201920731171
201920731180
201920731181
201920731190
201920731191
201920731200
201920731201
201920731210
201920731211
201920731220
201920731221
201920731230
201920731231
201920731240
201920731241
201920731250
201920731251
201920731260
201920731261
201920731270
201920731271
201920731280
201920731281
201920731290
201920731291
201920731300
201920731301
201920732010
201920732011
201920732020
201920732021
201920732030
201920732031
201920732040
201920732041
201920732050
201920732051
201920732060
201920732061
201920732070
201920732071
201920732080
201920732081
201920732090
201920732091
201920732100
201920732101
201920732110
201920732111
201920732120
201920732121
201920732130
201920732131
201920732140
201920732141
201920732150
201920732151
201920732160
201920732161
201920732170
201920732171
201920732180
201920732181
201920732190
201920732191
201920732200
201920732201
201920732210
201920732211
201920732220
201920732221
201920732230
201920732231
201920732240
201920732241
201920732250
201920732251
201920732260
201920732261
201920732270
201920732271
201920732280
201920732281
201920732290
201920732291
201920732300
201920732301
201920811010
201920811011
201920811020
201920811021
201920811030
201920811031
201920811040
201920811041
201920811050
201920811051
201920811060
201920811061
201920811070
201920811071
201920811080
201920811081
201920811090
201920811091
201920811100
201920811101
201920811110
201920811111
201920811120
201920811121
201920811130
201920811131
201920811140
201920811141
201920811150
201920811151
201920811160
201920811161
201920811170
201920811171
201920811180
201920811181
201920811190
201920811191
201920811200
201920811201
201920811210
201920811211
201920811220
201920811221
201920811230
201920811231
201920811240
201920811241
201920811250
201920811251
201920811260
201920811261
201920811270
201920811271
201920811280
201920811281
201920811290
201920811291
201920811300
201920811301
201920812010
201920812011
201920812020
201920812021
201920812030
201920812031
201920812040
201920812041
201920812050
201920812051
201920812060
201920812061
201920812070
201920812071
201920812080
201920812081
201920812090
201920812091
201920812100
201920812101
201920812110
201920812111
201920812120
201920812121
201920812130
201920812131
201920812140
201920812141
201920812150
201920812151
201920812160
201920812161
201920812170
201920812171
201920812180
201920812181
201920812190
201920812191
201920812200
201920812201
201920812210
201920812211
201920812220
201920812221
201920812230
201920812231
201920812240
201920812241
201920812250
201920812251
201920812260
201920812261
201920812270
201920812271
201920812280
201920812281
201920812290
201920812291
201920812300
201920812301
201920821010
201920821011
201920821020
201920821021
201920821030
201920821031
201920821040
201920821041
201920821050
201920821051
201920821060
201920821061
201920821070
201920821071
201920821080
201920821081
201920821090
201920821091
201920821100
201920821101
201920821110
201920821111
201920821120
201920821121
201920821130
201920821131
201920821140
201920821141
201920821150
201920821151
201920821160
201920821161
201920821170
201920821171
201920821180
201920821181
201920821190
201920821191
201920821200
201920821201
201920821210
201920821211
201920821220
201920821221
201920821230
201920821231
201920821240
201920821241
201920821250
201920821251
201920821260
201920821261
201920821270
201920821271
201920821280
201920821281
201920821290
201920821291
201920821300
201920821301
201920822010
201920822011
201920822020
201920822021
201920822030
201920822031
201920822040
201920822041
201920822050
201920822051
201920822060
201920822061
201920822070
201920822071
201920822080
201920822081
201920822090
201920822091
201920822100
201920822101
201920822110
201920822111
201920822120
201920822121
201920822130
201920822131
201920822140
201920822141
201920822150
201920822151
201920822160
201920822161
201920822170
201920822171
201920822180
201920822181
201920822190
201920822191
201920822200
201920822201
201920822210
201920822211
201920822220
201920822221
201920822230
201920822231
201920822240
201920822241
201920822250
201920822251
201920822260
201920822261
201920822270
201920822271
201920822280
201920822281
201920822290
201920822291
201920822300
201920822301
201920831010
201920831011
201920831020
201920831021
201920831030
201920831031
201920831040
201920831041
201920831050
201920831051
201920831060
201920831061
201920831070
201920831071
201920831080
201920831081
201920831090
201920831091
201920831100
201920831101
201920831110
201920831111
201920831120
201920831121
201920831130
201920831131
201920831140
201920831141
201920831150
201920831151
201920831160
201920831161
201920831170
201920831171
201920831180
201920831181
201920831190
201920831191
201920831200
201920831201
201920831210
201920831211
201920831220
201920831221
201920831230
201920831231
201920831240
201920831241
201920831250
201920831251
201920831260
201920831261
201920831270
201920831271
201920831280
201920831281
201920831290
201920831291
201920831300
201920831301
201920832010
201920832011
201920832020
201920832021
201920832030
201920832031
201920832040
201920832041
201920832050
201920832051
201920832060
201920832061
201920832070
201920832071
201920832080
201920832081
201920832090
201920832091
201920832100
201920832101
201920832110
201920832111
201920832120
201920832121
201920832130
201920832131
201920832140
201920832141
201920832150
201920832151
201920832160
201920832161
201920832170
201920832171
201920832180
201920832181
201920832190
201920832191
201920832200
201920832201
201920832210
201920832211
201920832220
201920832221
201920832230
201920832231
201920832240
201920832241
201920832250
201920832251
201920832260
201920832261
201920832270
201920832271
201920832280
201920832281
201920832290
201920832291
201920832300
201920832301
201920841010
201920841011
201920841020
201920841021
201920841030
201920841031
201920841040
201920841041
201920841050
201920841051
201920841060
201920841061
201920841070
201920841071
201920841080
201920841081
201920841090
201920841091
201920841100
201920841101
201920841110
201920841111
201920841120
201920841121
201920841130
201920841131
201920841140
201920841141
201920841150
201920841151
201920841160
201920841161
201920841170
201920841171
201920841180
201920841181
201920841190
201920841191
201920841200
201920841201
201920841210
201920841211
201920841220
201920841221
201920841230
201920841231
201920841240
201920841241
201920841250
201920841251
201920841260
201920841261
201920841270
201920841271
201920841280
201920841281
201920841290
201920841291
201920841300
201920841301
201920842010
201920842011
201920842020
201920842021
201920842030
201920842031
201920842040
201920842041
201920842050
201920842051
201920842060
201920842061
201920842070
201920842071
201920842080
201920842081
201920842090
201920842091
201920842100
201920842101
201920842110
201920842111
201920842120
201920842121
201920842130
201920842131
201920842140
201920842141
201920842150
201920842151
201920842160
201920842161
201920842170
201920842171
201920842180
201920842181
201920842190
201920842191
201920842200
201920842201
201920842210
201920842211
201920842220
201920842221
201920842230
201920842231
201920842240
201920842241
201920842250
201920842251
201920842260
201920842261
201920842270
201920842271
201920842280
201920842281
201920842290
201920842291
201920842300
201920842301
201920851010
201920851011
201920851020
201920851021
201920851030
201920851031
201920851040
201920851041
201920851050
201920851051
201920851060
201920851061
201920851070
201920851071
201920851080
201920851081
201920851090
201920851091
201920851100
201920851101
201920851110
201920851111
201920851120
201920851121
201920851130
201920851131
201920851140
201920851141
201920851150
201920851151
201920851160
201920851161
201920851170
201920851171
201920851180
201920851181
201920851190
201920851191
201920851200
201920851201
201920851210
201920851211
201920851220
201920851221
201920851230
201920851231
201920851240
201920851241
201920851250
201920851251
201920851260
201920851261
201920851270
201920851271
201920851280
201920851281
201920851290
201920851291
201920851300
201920851301
201920852010
201920852011
201920852020
201920852021
201920852030
201920852031
201920852040
201920852041
201920852050
201920852051
201920852060
201920852061
201920852070
201920852071
201920852080
201920852081
201920852090
201920852091
201920852100
201920852101
201920852110
201920852111
201920852120
201920852121
201920852130
201920852131
201920852140
201920852141
201920852150
201920852151
201920852160
201920852161
201920852170
201920852171
201920852180
201920852181
201920852190
201920852191
201920852200
201920852201
201920852210
201920852211
201920852220
201920852221
201920852230
201920852231
201920852240
201920852241
201920852250
201920852251
201920852260
201920852261
201920852270
201920852271
201920852280
201920852281
201920852290
201920852291
201920852300
201920852301
201920911010
201920911011
201920911020
201920911021
201920911030
201920911031
201920911040
201920911041
201920911050
201920911051
201920911060
201920911061
201920911070
201920911071
201920911080
201920911081
201920911090
201920911091
201920911100
201920911101
201920911110
201920911111
201920911120
201920911121
201920911130
201920911131
201920911140
201920911141
201920911150
201920911151
201920911160
201920911161
201920911170
201920911171
201920911180
201920911181
201920911190
201920911191
201920911200
201920911201
201920911210
201920911211
201920911220
201920911221
201920911230
201920911231
201920911240
201920911241
201920911250
201920911251
201920911260
201920911261
201920911270
201920911271
201920911280
201920911281
201920911290
201920911291
201920911300
201920911301
201920912010
201920912011
201920912020
201920912021
201920912030
201920912031
201920912040
201920912041
201920912050
201920912051
201920912060
201920912061
201920912070
201920912071
201920912080
201920912081
201920912090
201920912091
201920912100
201920912101
201920912110
201920912111
201920912120
201920912121
201920912130
201920912131
201920912140
201920912141
201920912150
201920912151
201920912160
201920912161
201920912170
201920912171
201920912180
201920912181
201920912190
201920912191
201920912200
201920912201
201920912210
201920912211
201920912220
201920912221
201920912230
201920912231
201920912240
201920912241
201920912250
201920912251
201920912260
201920912261
201920912270
201920912271
201920912280
201920912281
201920912290
201920912291
201920912300
201920912301
201920921010
201920921011
201920921020
201920921021
201920921030
201920921031
201920921040
201920921041
201920921050
201920921051
201920921060
201920921061
201920921070
201920921071
201920921080
201920921081
201920921090
201920921091
201920921100
201920921101
201920921110
201920921111
201920921120
201920921121
201920921130
201920921131
201920921140
201920921141
201920921150
201920921151
201920921160
201920921161
201920921170
201920921171
201920921180
201920921181
201920921190
201920921191
201920921200
201920921201
201920921210
201920921211
201920921220
201920921221
201920921230
201920921231
201920921240
201920921241
201920921250
201920921251
201920921260
201920921261
201920921270
201920921271
201920921280
201920921281
201920921290
201920921291
201920921300
201920921301
201920922010
201920922011
201920922020
201920922021
201920922030
201920922031
201920922040
201920922041
201920922050
201920922051
201920922060
201920922061
201920922070
201920922071
201920922080
201920922081
201920922090
201920922091
201920922100
201920922101
201920922110
201920922111
201920922120
201920922121
201920922130
201920922131
201920922140
201920922141
201920922150
201920922151
201920922160
201920922161
201920922170
201920922171
201920922180
201920922181
201920922190
201920922191
201920922200
201920922201
201920922210
201920922211
201920922220
201920922221
201920922230
201920922231
201920922240
201920922241
201920922250
201920922251
201920922260
201920922261
201920922270
201920922271
201920922280
201920922281
201920922290
201920922291
201920922300
201920922301
